1
2
3
4
5
6
7
8
101
102
103
104
105
106
107
108
201
202
203
204
205
206
207
208
301
302
303
304
305
306
307
308
401
402
403
404
405
406
407
408
501
502
503
504
505
506
507
508
601
602
603
604
605
606
607
608
701
702
703
704
705
706
707
708
801
802
803
804
805
806
807
808
901
902
903
904
905
906
907
908
1001
1002
1003
1004
1005
1006
1007
1008
1101
1102
1103
1104
1105
1106
1107
1108
1201
1202
1203
1204
1205
1206
1207
1208
1301
1302
1303
1304
1305
1306
1307
1308
1401
1402
1403
1404
1405
1406
1407
1408
1501
1502
1503
1504
1505
1506
1507
1508
1601
1602
1603
1604
1605
1606
1607
1608
1701
1702
1703
1704
1705
1706
1707
1708
1801
1802
1803
1804
1805
1806
1807
1808
1901
1902
1903
1904
1905
1906
1907
1908
2001
2002
2003
2004
2005
2006
2007
2008
2101
2102
2103
2104
2105
2106
2107
2108
2201
2202
2203
2204
2205
2206
2207
2208
2301
2302
2303
2304
2305
2306
2307
2308
2401
2402
2403
2404
2405
2406
2407
2408
2501
2502
2503
2504
2505
2506
2507
2508
2601
2602
2603
2604
2605
2606
2607
2608
2701
2702
2703
2704
2705
2706
2707
2708
2801
2802
2803
2804
2805
2806
2807
2808
2901
2902
2903
2904
2905
2906
2907
2908
3001
3002
3003
3004
3005
3006
3007
3008
3101
3102
3103
3104
3105
3106
3107
3108
3201
3202
3203
3204
3205
3206
3207
3208
3301
3302
3303
3304
3305
3306
3307
3308
3401
3402
3403
3404
3405
3406
3407
3408
3501
3502
3503
3504
3505
3506
3507
3508
3601
3602
3603
3604
3605
3606
3607
3608
3701
3702
3703
3704
3705
3706
3707
3708
3801
3802
3803
3804
3805
3806
3807
3808
3901
3902
3903
3904
3905
3906
3907
3908
4001
4002
4003
4004
4005
4006
4007
4008
4101
4102
4103
4104
4105
4106
4107
4108
4201
4202
4203
4204
4205
4206
4207
4208
4301
4302
4303
4304
4305
4306
4307
4308
4401
4402
4403
4404
4405
4406
4407
4408
4501
4502
4503
4504
4505
4506
4507
4508
4601
4602
4603
4604
4605
4606
4607
4608
4701
4702
4703
4704
4705
4706
4707
4708
4801
4802
4803
4804
4805
4806
4807
4808
4901
4902
4903
4904
4905
4906
4907
4908
5001
5002
5003
5004
5005
5006
5007
5008
5101
5102
5103
5104
5105
5106
5107
5108
5201
5202
5203
5204
5205
5206
5207
5208
5301
5302
5303
5304
5305
5306
5307
5308
5401
5402
5403
5404
5405
5406
5407
5408
5501
5502
5503
5504
5505
5506
5507
5508
5601
5602
5603
5604
5605
5606
5607
5608
5701
5702
5703
5704
5705
5706
5707
5708
5801
5802
5803
5804
5805
5806
5807
5808
5901
5902
5903
5904
5905
5906
5907
5908
6001
6002
6003
6004
6005
6006
6007
6008
6101
6102
6103
6104
6105
6106
6107
6108
6201
6202
6203
6204
6205
6206
6207
6208
6301
6302
6303
6304
6305
6306
6307
6308
6401
6402
6403
6404
6405
6406
6407
6408
6501
6502
6503
6504
6505
6506
6507
6508
6601
6602
6603
6604
6605
6606
6607
6608
6701
6702
6703
6704
6705
6706
6707
6708
6801
6802
6803
6804
6805
6806
6807
6808
6901
6902
6903
6904
6905
6906
6907
6908
7001
7002
7003
7004
7005
7006
7007
7008
7101
7102
7103
7104
7105
7106
7107
7108
7201
7202
7203
7204
7205
7206
7207
7208
7301
7302
7303
7304
7305
7306
7307
7308
7401
7402
7403
7404
7405
7406
7407
7408
7501
7502
7503
7504
7505
7506
7507
7508
7601
7602
7603
7604
7605
7606
7607
7608
7701
7702
7703
7704
7705
7706
7707
7708
7801
7802
7803
7804
7805
7806
7807
7808
7901
7902
7903
7904
7905
7906
7907
7908
8001
8002
8003
8004
8005
8006
8007
8008
8101
8102
8103
8104
8105
8106
8107
8108
8201
8202
8203
8204
8205
8206
8207
8208
8301
8302
8303
8304
8305
8306
8307
8308
8401
8402
8403
8404
8405
8406
8407
8408
8501
8502
8503
8504
8505
8506
8507
8508
8601
8602
8603
8604
8605
8606
8607
8608
8701
8702
8703
8704
8705
8706
8707
8708
8801
8802
8803
8804
8805
8806
8807
8808
8901
8902
8903
8904
8905
8906
8907
8908
9001
9002
9003
9004
9005
9006
9007
9008
9101
9102
9103
9104
9105
9106
9107
9108
9201
9202
9203
9204
9205
9206
9207
9208
9301
9302
9303
9304
9305
9306
9307
9308
9401
9402
9403
9404
9405
9406
9407
9408
9501
9502
9503
9504
9505
9506
9507
9508
9601
9602
9603
9604
9605
9606
9607
9608
9701
9702
9703
9704
9705
9706
9707
9708
9801
9802
9803
9804
9805
9806
9807
9808
9901
9902
9903

9905
9904
9906

9907


9908




























































































































































































































